2014年6月30日 0.091423	0	49250	20	49240	20	49250	440	83378
2014年6月30日 0.091924	0	49250	31	49230	31	49240	452	83390
2014年6月30日 0.091924	500	49250	14	49230	14	49240	452	83390
2014年6月30日 0.091925	0	49230	6	49220	6	49230	684	83622
2014年6月30日 0.091926	500	49230	7	49220	7	49230	684	83622
2014年6月30日 0.091927	0	49230	6	49220	6	49230	684	83622
2014年6月30日 0.091928	0	49230	6	49220	6	49230	684	83622
2014年6月30日 0.091928	500	49230	8	49210	8	49220	694	83632
2014年6月30日 0.091929	0	49230	12	49210	12	49220	694	83632
2014年6月30日 0.091933	0	49230	12	49210	12	49220	694	83632
2014年6月30日 0.091933	500	49230	1	49220	1	49220	694	83632
2014年6月30日 0.091934	500	49230	1	49220	1	49220	694	83632
2014年6月30日 0.091935	500	49230	1	49220	1	49220	694	83632
2014年6月30日 0.091937	0	49230	59	49210	59	49210	698	83636
2014年6月30日 0.091937	500	49230	11	49210	11	49210	698	83636
2014年6月30日 0.091938	0	49230	52	49210	52	49230	730	83668
2014年6月30日 0.091938	500	49230	52	49210	52	49230	730	83668
2014年6月30日 0.091939	0	49230	40	49210	40	49230	730	83668
2014年6月30日 0.09194	0	49230	5	49220	5	49230	730	83668
2014年6月30日 0.09194	500	49230	1	49220	1	49230	730	83668
2014年6月30日 0.091941	500	49230	11	49220	11	49230	730	83668
2014年6月30日 0.091943	0	49230	1	49220	1	49230	730	83668
2014年6月30日 0.091944	500	49230	1	49220	1	49230	730	83668
2014年6月30日 0.091945	500	49230	1	49220	1	49220	742	83680
2014年6月30日 0.091948	500	49230	1	49220	1	49220	742	83680
2014年6月30日 0.091951	0	49230	2	49220	2	49220	742	83680
2014年6月30日 0.091953	500	49230	6	49220	6	49220	742	83680
2014年6月30日 0.091954	0	49230	2	49220	2	49220	742	83680
