2014年6月27日 0.094137	0	49370	3	49360	3	49360	1346	80908
2014年6月27日 0.094137	500	49370	2	49360	2	49360	1346	80908
2014年6月27日 0.094138	500	49370	36	49360	36	49360	1346	80908
2014年6月27日 0.094139	500	49370	4	49360	4	49360	1346	80908
2014年6月27日 0.094145	0	49370	38	49360	38	49360	1346	80908
2014年6月27日 0.094147	0	49370	38	49360	38	49360	1346	80908
2014年6月27日 0.094147	500	49370	38	49360	38	49360	1346	80908
2014年6月27日 0.094148	0	49370	21	49360	21	49360	1346	80908
2014年6月27日 0.094148	500	49370	5	49360	5	49360	1346	80908
2014年6月27日 0.094151	500	49370	36	49360	36	49360	1346	80908
2014年6月27日 0.094152	0	49370	4	49360	4	49360	1346	80908
2014年6月27日 0.094156	0	49370	9	49360	9	49360	1346	80908
2014年6月27日 0.094157	500	49370	4	49360	4	49360	1346	80908
2014年6月27日 0.094158	0	49370	4	49360	4	49360	1346	80908
2014年6月27日 0.094158	500	49370	38	49360	38	49360	1346	80908
2014年6月27日 0.094201	0	49370	7	49360	7	49360	1346	80908
2014年6月27日 0.094201	500	49370	7	49360	7	49360	1346	80908
2014年6月27日 0.094207	0	49370	37	49360	37	49360	1346	80908
2014年6月27日 0.094207	500	49370	37	49360	37	49360	1346	80908
2014年6月27日 0.094221	500	49370	19	49360	19	49360	1346	80908
2014年6月27日 0.094222	0	49370	2	49360	2	49360	1346	80908
2014年6月27日 0.094222	500	49370	2	49360	2	49360	1346	80908
2014年6月27日 0.094223	0	49370	2	49360	2	49360	1346	80908
2014年6月27日 0.094223	500	49370	2	49360	2	49360	1346	80908
2014年6月27日 0.094224	500	49370	35	49360	35	49360	1346	80908
2014年6月27日 0.094225	0	49370	3	49360	3	49360	1346	80908
2014年6月27日 0.094226	500	49370	16	49360	16	49360	1346	80908
2014年6月27日 0.094227	0	49370	3	49360	3	49360	1346	80908
2014年6月27日 0.09423	0	49370	3	49360	3	49360	1346	80908
2014年6月27日 0.09423	500	49370	19	49360	19	49360	1346	80908
2014年6月27日 0.094232	0	49370	21	49360	21	49360	1346	80908
2014年6月27日 0.094233	500	49370	20	49360	20	49360	1346	80908
2014年6月27日 0.094234	0	49370	2	49360	2	49360	1346	80908
2014年6月27日 0.094236	500	49360	3	49350	3	49360	1350	80912
2014年6月27日 0.094237	0	49360	3	49350	3	49360	1350	80912
2014年6月27日 0.094237	500	49370	55	49350	55	49360	1356	80918
2014年6月27日 0.094238	0	49370	22	49350	22	49360	1356	80918
2014年6月27日 0.094241	500	49370	22	49350	22	49360	1356	80918
2014年6月27日 0.094245	0	49370	22	49350	22	49360	1356	80918
2014年6月27日 0.094246	500	49370	65	49350	65	49360	1356	80918
2014年6月27日 0.094249	0	49370	22	49350	22	49360	1356	80918
2014年6月27日 0.094251	500	49370	65	49350	65	49360	1356	80918
2014年6月27日 0.094301	500	49370	22	49350	22	49360	1356	80918
2014年6月27日 0.094303	500	49370	22	49360	22	49360	1356	80918
2014年6月27日 0.094304	0	49370	22	49360	22	49360	1356	80918
2014年6月27日 0.094307	500	49360	3	49350	3	49360	1356	80918
2014年6月27日 0.094308	0	49370	66	49350	66	49360	1362	80924
2014年6月27日 0.094311	0	49370	61	49350	61	49360	1362	80924
2014年6月27日 0.094311	500	49370	5	49360	5	49360	1362	80924
2014年6月27日 0.094312	500	49370	5	49360	5	49360	1362	80924
2014年6月27日 0.094323	500	49370	55	49350	55	49360	1372	80934
2014年6月27日 0.094324	0	49370	60	49350	60	49360	1372	80934
2014年6月27日 0.094331	0	49370	22	49350	22	49360	1372	80934
2014年6月27日 0.094333	500	49360	61	49350	61	49360	1372	80934
2014年6月27日 0.094334	0	49370	61	49350	61	49360	1376	80938
2014年6月27日 0.094334	500	49360	61	49350	61	49360	1376	80938
2014年6月27日 0.094335	0	49370	18	49350	18	49360	1376	80938
2014年6月27日 0.09434	0	49370	16	49350	16	49360	1376	80938
2014年6月27日 0.094343	500	49370	16	49360	16	49360	1376	80938
2014年6月27日 0.094344	500	49370	60	49350	60	49360	1376	80938
2014年6月27日 0.094347	500	49370	16	49350	16	49360	1376	80938
2014年6月27日 0.09435	0	49370	16	49350	16	49360	1376	80938
2014年6月27日 0.094353	0	49370	17	49350	17	49360	1376	80938
2014年6月27日 0.094354	500	49370	17	49350	17	49360	1376	80938
2014年6月27日 0.094355	500	49370	60	49350	60	49360	1376	80938
2014年6月27日 0.094357	0	49370	17	49350	17	49360	1376	80938
2014年6月27日 0.094358	500	49360	1	49350	1	49360	1376	80938
2014年6月27日 0.094359	0	49370	17	49350	17	49360	1376	80938
2014年6月27日 0.094359	500	49360	1	49350	1	49360	1376	80938
2014年6月27日 0.0944	0	49370	58	49350	58	49360	1376	80938
2014年6月27日 0.094408	0	49370	59	49350	59	49360	1376	80938
2014年6月27日 0.094434	0	49370	58	49350	58	49360	1376	80938
2014年6月27日 0.094436	500	49370	57	49350	57	49360	1376	80938
2014年6月27日 0.094437	500	49370	56	49350	56	49370	1380	80942
2014年6月27日 0.094445	500	49370	12	49350	12	49370	1380	80942
2014年6月27日 0.094446	0	49370	12	49350	12	49370	1380	80942
2014年6月27日 0.094448	0	49370	1	49360	1	49370	1380	80942
2014年6月27日 0.094448	500	49370	12	49350	12	49370	1380	80942
2014年6月27日 0.094449	0	49370	12	49350	12	49370	1380	80942
2014年6月27日 0.094452	500	49370	11	49350	11	49370	1380	80942
2014年6月27日 0.094453	500	49370	1	49360	1	49370	1380	80942
2014年6月27日 0.094454	0	49370	12	49360	12	49370	1380	80942
2014年6月27日 0.094454	500	49370	51	49350	51	49370	1380	80942
2014年6月27日 0.094455	0	49370	1	49360	1	49370	1380	80942
2014年6月27日 0.094455	500	49370	51	49350	51	49370	1380	80942
2014年6月27日 0.094456	0	49370	12	49360	12	49370	1380	80942
2014年6月27日 0.094456	500	49370	12	49350	12	49370	1380	80942
2014年6月27日 0.094457	0	49370	1	49360	1	49370	1380	80942
2014年6月27日 0.094457	500	49370	12	49350	12	49370	1380	80942
2014年6月27日 0.094458	0	49370	12	49360	12	49370	1380	80942
2014年6月27日 0.094458	500	49370	51	49350	51	49370	1380	80942
2014年6月27日 0.094459	0	49370	1	49360	1	49370	1380	80942
2014年6月27日 0.0945	0	49370	12	49360	12	49370	1380	80942
2014年6月27日 0.0945	500	49370	51	49350	51	49370	1380	80942
2014年6月27日 0.094501	0	49370	2	49360	2	49370	1380	80942
2014年6月27日 0.094501	500	49370	12	49360	12	49370	1380	80942
2014年6月27日 0.094503	0	49370	51	49350	51	49360	1384	80946
2014年6月27日 0.094503	500	49370	1	49360	1	49360	1384	80946
2014年6月27日 0.094504	0	49370	30	49360	30	49360	1384	80946
2014年6月27日 0.094505	0	49370	19	49360	19	49360	1384	80946
2014年6月27日 0.094506	0	49370	1	49360	1	49360	1384	80946
2014年6月27日 0.094508	500	49370	1	49360	1	49360	1384	80946
2014年6月27日 0.094509	0	49370	2	49360	2	49360	1384	80946
2014年6月27日 0.09451	0	49370	2	49360	2	49360	1384	80946
2014年6月27日 0.094511	0	49370	16	49360	16	49360	1384	80946
2014年6月27日 0.094511	500	49370	22	49350	22	49360	1384	80946
2014年6月27日 0.094512	0	49370	59	49350	59	49360	1384	80946
2014年6月27日 0.094513	500	49370	19	49350	19	49360	1384	80946
2014年6月27日 0.094514	500	49370	60	49350	60	49360	1384	80946
2014年6月27日 0.09452	0	49370	19	49360	19	49360	1384	80946
2014年6月27日 0.094521	0	49370	19	49360	19	49360	1384	80946
2014年6月27日 0.094525	500	49370	19	49360	19	49360	1384	80946
2014年6月27日 0.094536	0	49360	1	49350	1	49360	1384	80946
2014年6月27日 0.094536	500	49370	19	49350	19	49360	1384	80946
2014年6月27日 0.094537	0	49370	4	49360	4	49360	1384	80946
2014年6月27日 0.094537	500	49370	4	49360	4	49360	1384	80946
2014年6月27日 0.09454	0	49370	4	49360	4	49360	1384	80946
2014年6月27日 0.09454	500	49370	18	49360	18	49360	1384	80946
2014年6月27日 0.094545	0	49370	18	49360	18	49360	1384	80946
2014年6月27日 0.094551	500	49370	3	49360	3	49360	1384	80946
2014年6月27日 0.094553	500	49370	18	49360	18	49360	1384	80946
2014年6月27日 0.094555	0	49360	54	49350	54	49360	1390	80952
2014年6月27日 0.094555	500	49370	1	49360	1	49360	1396	80958
2014年6月27日 0.094556	0	49370	18	49360	18	49360	1396	80958
2014年6月27日 0.094556	500	49370	18	49360	18	49360	1396	80958
2014年6月27日 0.094557	0	49370	54	49350	54	49360	1396	80958
2014年6月27日 0.094557	500	49370	1	49360	1	49360	1396	80958
2014年6月27日 0.094558	0	49370	1	49360	1	49360	1396	80958
2014年6月27日 0.0946	500	49370	18	49360	18	49360	1396	80958
